.Random.seed <-
c(403L, 10L, -1886661060L, 2113551122L, 1255446541L, -1613354169L, 
-1533132498L, 1504716936L, -437965429L, 77010281L, -152815816L, 
-475612698L, 1243774337L, 1220161811L, 1648660162L, 1853663604L, 
-1848585865L, -450608531L, 313675012L, -1518999510L, -1626430059L, 
-1837970897L, -1768581322L, 593921888L, -487846493L, 921429697L, 
-915317072L, 1424644558L, -277484231L, 412827979L, 1152336634L, 
-1727081476L, -1050192833L, -66261739L, -253503956L, 922008322L, 
-889133091L, 2122076887L, 2006412734L, -2115516424L, -325303333L, 
-1017135559L, -209746040L, 505091894L, 909100401L, 598507427L, 
1966139122L, -1659253180L, 152015111L, 1268213981L, -1446543916L, 
1868239098L, 493217861L, -1489653601L, -1555875290L, 1878617776L, 
-1017048237L, 2002697841L, 1787282336L, 1928119102L, 741829193L, 
732282619L, -78553398L, 673054764L, -679135185L, -576698139L, 
-1901010532L, 310586354L, -69716371L, 2086765479L, -73916978L, 
173267752L, 1479962923L, -290411703L, -1055854504L, -1240701690L, 
376926433L, -1173583757L, -1077238558L, -1161014188L, 763550039L, 
337049933L, 1706810596L, 1138589898L, 1981459765L, 1517618063L, 
-846382954L, 1785899072L, 846598403L, -936067807L, 602631696L, 
-1021067794L, 1466839449L, -445874645L, 814860058L, 415432156L, 
659842015L, 1195639733L, -2056626868L, -1887396958L, 1266914045L, 
1215089655L, 65705246L, 1588025304L, -917550789L, -972898599L, 
-2131209624L, 1782150038L, -1379821807L, -577490749L, -177647406L, 
494753124L, 721242279L, -949076483L, 1754480628L, -505796390L, 
-1222039003L, 2015127359L, 1222624454L, 655849808L, -1068299917L, 
1478390673L, -337820224L, -1709523042L, 1168187753L, 1909723547L, 
-386169686L, 1517626060L, -1954272369L, 2138640325L, 1289761660L, 
-1177654318L, -1362736307L, 530143751L, 681675246L, 1914250440L, 
-697635893L, -2024374743L, 611038328L, -683347546L, 1360417729L, 
-1568636845L, 502916866L, -1077439948L, 1821493175L, -1165281363L, 
548070596L, 742648042L, -2136019115L, -2129075985L, -1465243914L, 
-1901284832L, 1416091619L, 1235688577L, 1592646384L, -1080708722L, 
1219665657L, -606860149L, 1764488378L, 1271623612L, 701066495L, 
1516593237L, 1609315180L, -1926796350L, 1805425693L, 2048375959L, 
2102286846L, -949208648L, -1702775397L, -1147511815L, 72106824L, 
-1986130314L, 1219856305L, -483026461L, -1084199246L, -174177532L, 
1292476487L, 1079371549L, 639491476L, 1436836154L, -327836283L, 
886322783L, -692510490L, -689249424L, -529693549L, 294215985L, 
-473684000L, 919637118L, 796180233L, 738484539L, 2073625866L, 
687267052L, -1754011281L, 2019126949L, -241721252L, 654096434L, 
-852619475L, -1453474329L, 1117290766L, 1425712872L, 854632683L, 
664283529L, 503388440L, 1625525318L, -811527007L, -1019495629L, 
-1630469470L, -763086444L, 899393559L, 1957072909L, 453498148L, 
-309645046L, 182577269L, 1892000719L, -1299557162L, 382256256L, 
-1582630205L, -23296927L, 143697104L, -2087741906L, 1689995225L, 
-1127733269L, -20586918L, 2132588572L, 625059103L, 364922229L, 
174756876L, 2143122914L, 2120156861L, 689198416L, 814890796L, 
-618880140L, -1959009390L, 1676104288L, 275773324L, 1500600160L, 
462423010L, 615619496L, -739668788L, -1184859652L, 1427855282L, 
-1470470672L, 1778156996L, 2017515864L, -2122019462L, -2049180240L, 
-731143236L, 749285460L, -1439494206L, 641245216L, 710602940L, 
347773520L, 728025058L, 18267752L, 969977420L, 1479971068L, 564353010L, 
-596810496L, -922508428L, 1651367944L, -1362439750L, 1063853520L, 
387208172L, 1741998996L, 206560210L, -190765216L, -255458996L, 
541307168L, -289411198L, 1492502248L, 1425725676L, -786631108L, 
1027945330L, -1968015760L, -1652038620L, -1591087304L, 1514862746L, 
801697488L, 1983794364L, -598922604L, -1897848190L, 1720381632L, 
2074355004L, 226375824L, 2092602914L, -1214451192L, 1883634956L, 
-1025604964L, 592655890L, 1494325632L, 917625364L, 1435704872L, 
-2120220358L, 778185680L, 876744300L, 534946612L, 1324868242L, 
1677731168L, 726621516L, -63933472L, -1152086110L, 1516519336L, 
-111499380L, -1113912644L, -804404366L, 1478166768L, -1913891772L, 
-264587944L, 229707834L, -948661392L, 95700028L, -1447351532L, 
2118088130L, 1500130528L, 312369020L, -1091393840L, -323126622L, 
-233130968L, -2043911924L, -156509252L, -530092750L, -982063168L, 
1861150260L, -990252088L, 1055517882L, 672784272L, -172744212L, 
-780794796L, 2068748946L, -1730122976L, 1444628940L, 2054743008L, 
-455332158L, 274015784L, 56852140L, 164343484L, -656322062L, 
1518252336L, 571275428L, -1301341512L, -1910118566L, -1746657904L, 
-2138198660L, 77916436L, 2142442818L, -1826917632L, 1203766204L, 
569168720L, 1045794082L, 933820744L, -788501492L, -933084068L, 
1725277394L, 103339008L, 530257748L, 480066024L, 1935811578L, 
-1431821616L, -374747860L, 2058839284L, 1232733074L, -929467296L, 
1056286988L, 621159136L, -2117210782L, -1187395928L, -1915527604L, 
-414309508L, -1622077646L, -1333138832L, -1674010300L, -1980655656L, 
-1365355398L, -1230271952L, 85554876L, 1280800596L, -1156094398L, 
2135963552L, -1566284612L, -2114281008L, 1011994978L, -887156760L, 
-1092381748L, -601692420L, -1246600206L, -83219328L, 950618356L, 
-1205747576L, 66150714L, -2015212720L, -22904724L, -931677036L, 
1022543186L, -1024431392L, -805966644L, 1274270880L, -478317182L, 
-2118941464L, -215636756L, -1422501828L, -2037101454L, 376028272L, 
-794111452L, -1818769864L, 319119898L, -329806640L, 641429052L, 
206928020L, 329417858L, 1548673984L, -1501042372L, 1648766608L, 
1340036130L, 436330504L, 471680140L, -1265877988L, 750854290L, 
-2124047232L, 822422548L, 1391974184L, 909967418L, 641120464L, 
1699164268L, 525354676L, -613872622L, -2002730016L, 408245196L, 
-1501152800L, 806701090L, -320975576L, 1469214988L, 1002910268L, 
-1773565710L, 1795984624L, -1409679548L, -1623991208L, 1928310330L, 
-49678096L, -958667076L, -242245100L, 825578690L, 705469024L, 
1865994620L, 351874256L, -290803678L, -1580575576L, -599633524L, 
-1891769924L, -178123726L, 1788170048L, 1947413172L, -992219832L, 
1763194554L, -127460592L, 143198444L, -80188332L, 1690916725L, 
-1130293422L, -1157214304L, 1381579401L, 96304827L, -29405940L, 
1293414554L, -164723185L, 1333736025L, 938569454L, -198791812L, 
-2096017939L, -99489129L, -54188704L, 1775968574L, 1701128715L, 
-2075021683L, 1482216378L, 651479544L, 1963005345L, 73034579L, 
-1414102412L, 1536721922L, -1975384425L, 1270321249L, -2136388442L, 
370646180L, -221987499L, -2125367809L, 1459526808L, 2020682166L, 
516444739L, 730036101L, -1620143070L, 1477605136L, -1283669319L, 
-1145522325L, 1511872092L, 1258691466L, 749278079L, 1438056137L, 
-851642530L, -1813558260L, -2106258467L, -938406169L, 1712418576L, 
-1668964818L, -1767316261L, 1267083709L, -1248475350L, -967860280L, 
2069198065L, 925698659L, -951292316L, 805893522L, -398499225L, 
-1129661903L, -1391003786L, -1572152172L, -2017054043L, 348839855L, 
-286262168L, 456355910L, 1378530803L, 638239061L, -1757727950L, 
1098761984L, -1777159191L, 630697563L, -236941140L, -1752467782L, 
725541999L, 2118115833L, 108934286L, -829194916L, 1253780941L, 
277344567L, 1288633280L, -325782370L, -2044847765L, -381763347L, 
-1210312358L, -1076796904L, -957751423L, 1505488179L, -1691090092L, 
-1148881566L, 2144552439L, -1427124671L, 1897368262L, -1015129084L, 
49666997L, -696978273L, -790494984L, -2012047146L, -1611525789L, 
125656357L, 2087209666L, -186194000L, -163890215L, -884968117L, 
-130206788L, 554327018L, 2079030303L, 837925545L, -1288753602L, 
1645388588L, 1912196477L, 1643815879L, -877333840L, -2086506290L, 
762407419L, -1100158371L, 915785098L, 654597544L, -2094931183L, 
-1414049277L, -565304060L, 1983766834L, -2094305401L, 1891778001L, 
689762134L, -1087189708L, -1807924155L, 282373263L, -196515320L, 
2142537254L, -1399808301L, -62844875L, 1402544018L, 154165088L, 
-862483767L, -2006565381L, -348599860L, 1931403354L, 1857305935L, 
-1030704103L, 1089419822L, -694724548L, 938495405L, -399692201L, 
457056160L, -540771074L, 114483147L, -792905267L, -950059782L, 
1472630584L, 1475525857L, 1465069459L, 827007924L, -86751038L, 
